ids
6634
6635
6636
6637
6638
6639
6640
6642
6643
6644
6645
6646
6648
6651
6652
6653
6654
6656
6657
6658
6660
6661
6663
6664
6665
6666
6668
6669
6670
6672
6673
6675
6676
6677
6678
6680
6681
6684
6685
6686
6689
6690
6691
6692
6693
6695
6696
6697
6698
6699
6700
6701
6702
6703
6705
6707
6708
6709
6712
6713
6714
6719
6721
6725
6726
6728
6729
6730
6731
6732
6734
6735
6737
6740
6742
6743
6744
6745
6746
6748
6751
6752
6753
6756
6757
6759
6760
6761
6762
6764
6765
6766
6767
6768
6769
6770
6771
6772
6774
6775
6777
6779
6780
6781
6785
6786
6787
6788
6789
6790
6792
6793
6794
6795
6797
6798
6799
6800
6801
6802
6803
6805
6806
6807
6808
6811
6813
6815
6816
6817
6818
6819
6820
6822
6823
6824
6826
6828
6829
6830
6831
6832
6833
6834
6835
6836
6837
6838
6839
6840
6841
6842
6843
6844
6846
6847
6848
6849
6850
6851
6852
6853
6854
6858
6859
6860
6861
6862
6864
6865
6869
6870
6871
6873
6874
6876
6877
6879
6881
6882
6883
6885
6886
6888
6889
6891
6893
6894
6896
6898
6899
6901
6902
6904
6905
6906
6907
6910
6912
6915
6916
6918
6919
6920
6921
6922
6925
6927
6928
6929
6930
6931
6932
6933
6934
6935
6937
6938
6940
6941
6942
6947
6948
6950
6951
6952
6953
6954
6955
6958
6959
6960
6963
6964
6966
6967
6968
6969
6971
6972
6973
6974
6975
6976
6977
6978
6980
6981
6983
6985
6987
6988
6989
6991
6994
6995
6996
6997
6999
7000
7001
7002
7005
7006
7007
7008
7009
7010
7011
7013
7015
7016
7017
7018
7019
7021
7022
7023
7024
7025
7027
7028
7029
7030
7032
7033
7034
7035
7037
7038
7039
7040
7041
7042
7043
7047
7048
7049
7050
7051
7052
7053
7055
7058
7060
7062
7063
7064
7065
7066
7067
7068
7069
7070
7071
7072
7073
7074
7075
7077
7078
7081
7084
7085
7087
7088
7089
7090
7091
7092
7093
7094
7096
7097
7099
7100
7101
7103
7104
7106
7107
7108
7109
7110
7112
7113
7114
7115
7117
7118
7119
7120
7121
7122
7123
7124
7125
7126
7127
7128
7130
7132
7133
7134
7135
7136
7137
7138
7141
7142
7143
7144
7149
7150
7152
7153
7154
7156
7157
7160
7161
7162
7163
7164
7165
7166
7167
7168
7169
7170
7171
7172
7175
7176
7177
7182
7183
7185
7186
7187
7188
7189
7193
7194
7195
7196
7198
7199
7200
7201
7203
7204
7205
7206
7207
7209
7210
7212
7214
7215
7218
7219
7221
7222
7224
7225
7226
7227
7228
7229
7230
7231
7232
7234
7235
7237
7238
7239
7240
7241
7242
7243
7244
7245
7246
7247
7248
7250
7251
7252
7253
7254
7255
7256
7257
7258
7259
7260
7261
7262
7263
7264
7265
7266
7269
7270
7271
7273
7274
7275
7276
7277
7278
7279
7280
7281
7282
7283
7284
7285
7286
7287
7288
7290
7291
7292
7293
7294
7295
7296
7297
7298
7299
7300
7301
7302
7303
7305
7306
7307
7308
7309
7311
7312
7315
7316
7320
7321
7322
7325
7326
7327
7329
7332
7334
7336
7337
7338
7339
7340
7341
7342
7344
7345
7347
7348
7350
7351
7352
7353
7355
7356
7358
7359
7360
7362
7363
7364
7365
7366
7369
7370
7371
7372
7373
7374
7375
7376
7377
7378
7379
7380
7381
7382
7383
7384
7385
7387
7388
7389
7390
7392
7394
7395
7397
7398
7399
7401
7402
7405
7406
7407
7408
7409
7410
7411
7412
7413
7414
7415
7416
7417
7418
7420
7422
7423
7424
7425
7427
7429
7430
7432
7435
7436
7437
7439
7440
7441
7442
7443
7444
7447
7448
7449
7451
7454
7455
7458
7459
7460
7461
7462
7463
7464
7465
7466
7469
7470
7471
7472
7473
7474
7475
7476
7477
7479
7480
7481
7482
7483
7484
7485
7486
7487
7488
7489
7491
7493
7494
7495
7496
7497
7498
7499
7500
7501
7502
7506
7507
7508
7509
7510
7511
7513
7514
7516
7517
7518
7519
7520
7521
7522
7524
7525
7526
7527
7528
7529
7531
7532
7534
7535
7540
7541
7542
7543
7545
7546
7547
7548
7549
7551
7552
7553
7554
7555
7556
7557
7558
7559
7560
7561
7563
7564
7565
7566
7567
7568
7569
7570
7572
7573
7574
7575
7577
7578
7579
7580
7581
7583
7584
7585
7586
7587
7588
7589
7591
7592
7593
7594
7595
7597
7599
7600
7601
7604
7605
7606
7607
7608
7609
7610
7611
7612
7613
7614
7615
7616
7617
7618
7619
7621
7622
7623
7624
7626
7627
7629
7630
7631
7633
7634
7635
7636
7637
7638
7640
7641
7642
7643
7644
7647
7648
7649
7650
7651
7652
7653
7654
7657
7658
7659
7660
7661
7662
7663
7664
7665
7666
7667
7668
7669
7670
7671
7673
7674
7677
7679
7681
7682
7683
7684
7685
7688
7690
7691
7692
7694
7696
7697
7698
7699
7700
7701
7704
7705
7706
7707
7708
7709
7710
7711
7712
7713
7715
7716
7717
7719
7722
7723
7725
7727
7728
7729
7731
7732
7733
7734
7735
7737
7738
7739
7740
7741
7742
7745
7747
7748
7750
7751
7753
7756
7757
7758
7760
7761
7762
7763
7764
7765
7766
7767
7769
7770
7774
7777
7778
7779
7781
7782
7783
7784
7785
7786
7787
7788
7789
7793
7794
7795
7796
7797
7798
7801
7802
7803
7804
7805
7806
7808
7809
7810
7811
7812
7813
7814
7816
7820
7821
7822
7823
7824
7825
7827
7829
7833
7836
7837
7838
7839
7840
7841
7843
7845
7847
7848
7849
7851
7853
7854
7855
7856
7857
7858
7860
7861
7863
7864
7865
7869
7870
7871
7872
7873
7874
7875
7876
7877
7879
7880
7882
7883
7884
7885
7887
7889
7890
7891
7893
7894
7895
7896
7897
7898
7899
7900
7902
7903
7906
7907
7908
7909
7910
7911
7912
7915
7916
7917
7918
7919
7920
7922
7923
7924
7926
7927
7928
7929
7930
7931
7936
7937
7938
7939
7940
7941
7942
7943
7945
7946
7947
7949
7950
7952
7954
7955
7956
7958
7959
7960
7961
7962
7963
7966
7967
7968
7969
7973
7974
7976
7977
7978
7980
7983
7984
7987
7989
7990
7991
7992
7994
7995
7996
7997
7999
8000
8001
8002
8003
8004
8005
8006
8007
8008
8009
8011
8012
8013
8014
8015
8018
8019
8021
8022
8024
8025
8027
8028
8029
8030
8031
8032
8034
8035
8036
8038
8039
8040
8041
8043
8044
8045
8048
8049
8050
8051
8052
8053
8054
8055
8058
8060
8061
8062
8063
8064
8065
8066
8067
8068
8069
8070
8071
8072
8073
8074
8075
8076
8077
8078
8079
8080
8081
8082
8083
8084
8087
8088
8090
8091
8092
8093
8095
8096
8097
8098
8099
8100
8101
8102
8104
8105
8106
8107
8108
8109
8110
8111
8112
8113
8114
8115
8116
8117
8120
8121
8122
8123
8124
8125
8126
8129
8131
8132
8133
8134
8135
8136
8137
8138
8140
8141
8142
8144
8145
8146
8147
8150
8151
8152
8153
8154
8155
8156
8158
8160
8161
8163
8164
8165
8167
8168
8169
8170
8171
8172
8174
8175
8177
8178
8180
8181
8183
8184
8189
8190
8193
8194
8195
8196
8197
8198
8199
8200
8203
8204
8205
8206
8207
8208
8209
8210
8211
8212
8213
8214
8215
8216
8219
8221
8222
8223
8224
8225
8226
8229
8230
8231
8235
8236
8237
8239
8240
8241
8242
8244
8245
8246
8247
8249
8250
8251
8252
8253
8254
8255
8256
8257
8258
8259
8260
8261
8263
8264
8266
8267
8268
8269
8270
8272
8273
8274
8275
8276
8277
8278
8279
8280
8282
8285
8286
8287
8288
8292
8293
8296
8297
8298
8299
8300
8301
8303
8304
8306
8307
8309
8310
8312
8313
8314
8316
8317
8319
8320
8321
8322
8323
8324
8325
8326
8327
8328
8330
8331
8333
8334
8335
8337
8338
8339
8340
8342
8343
8344
8347
8350
8351
8352
8354
8355
8356
8358
8359
8360
8361
8362
8363
8365
8366
8367
8368
8370
8371
8372
8375
8377
8378
8379
8380
8381
8382
8383
8385
8386
8387
8388
8389
8390
8391
8393
8394
8395
8396
8397
8398
8400
8401
8402
8403
8404
8405
8406
8409
8410
8411
8413
8414
8416
8417
8418
8419
8421
8422
8423
8424
8427
8428
8429
8430
8431
8432
8433
8435
8437
8438
8439
8440
8441
8442
8443
8444
8445
8447
8449
8451
8452
8453
8454
8456
8457
8458
8460
8461
8462
8463
8464
8466
8467
8468
8469
8470
8472
8473
8474
8476
8478
8479
8480
8481
8482
8483
8484
8486
8487
8488
8490
8492
8493
8494
8497
8498
8499
8501
8502
8503
8504
8505
8506
8507
8510
8511
8512
8514
8515
8516
8517
8519
8520
8521
8522
8523
8524
8525
8528
8529
8530
8536
8537
8539
8540
8541
8543
8544
8545
8546
8548
8550
8551
8552
8553
8556
8558
8560
8562
8563
8564
8566
8568
8570
8571
8572
8573
8574
8575
8577
8578
8579
8581
8582
8583
8584
8585
8586
8587
8588
8589
8590
8594
8595
8596
8597
8598
8599
8600
8601
8602
8603
8604
8606
8607
8608
8609
8610
8611
8612
8613
8614
8616
8618
8619
8620
8621
8622
8624
8625
8626
8627
8629
8630
8631
8632
8634
8636
8638
8639
8640
8641
8642
8644
8646
8647
8648
8649
8650
8651
8652
8653
8654
8655
8656
8657
8658
8659
8662
8663
8665
8668
8669
8670
8672
8673
8674
8676
8677
8679
8681
8683
8684
8685
8686
8687
8688
8689
8690
8692
8693
8694
8696
8697
8698
8699
8700
8702
8703
8704
8705
8708
